frame 1 : (117,73), (110,95), (121,170), (136,240), (133,258), (182,268), (194,258)
frame 2 : (117,72), (110,94), (121,170), (135,240), (133,257), (181,268), (194,258)
frame 3 : (118,72), (111,94), (121,170), (136,240), (133,257), (182,268), (194,258)
frame 4 : (118,72), (111,94), (121,170), (136,240), (133,258), (182,268), (194,258)
frame 5 : (119,72), (112,94), (122,170), (136,240), (133,258), (182,268), (194,258)
frame 6 : (119,72), (112,94), (122,169), (136,240), (133,258), (182,268), (194,258)
frame 7 : (120,72), (112,94), (122,170), (136,240), (133,258), (182,268), (194,258)
frame 8 : (120,72), (113,94), (122,170), (136,240), (133,258), (182,268), (194,258)
frame 9 : (120,72), (113,94), (122,170), (136,240), (133,258), (182,268), (194,258)
frame 10 : (121,72), (113,94), (122,169), (136,240), (133,258), (182,268), (194,258)
frame 11 : (121,72), (114,94), (123,169), (136,240), (133,258), (182,268), (194,258)
frame 12 : (122,72), (114,94), (123,169), (136,240), (133,258), (182,268), (194,258)
frame 13 : (122,72), (114,94), (123,169), (136,240), (133,258), (182,268), (194,258)
frame 14 : (122,72), (115,94), (123,169), (136,240), (133,258), (181,268), (194,258)
frame 15 : (123,72), (115,94), (123,169), (136,240), (133,258), (181,268), (194,258)
frame 16 : (123,72), (115,94), (123,170), (136,240), (133,258), (181,268), (194,258)
frame 17 : (123,72), (116,94), (123,170), (136,240), (133,258), (181,268), (194,258)
frame 18 : (124,72), (116,94), (124,170), (136,240), (133,258), (181,268), (194,258)
frame 19 : (124,72), (116,94), (124,170), (136,240), (133,258), (181,268), (194,258)
frame 20 : (124,72), (116,94), (124,170), (136,240), (133,258), (181,268), (194,258)
frame 21 : (125,72), (117,94), (124,170), (136,240), (133,258), (181,268), (194,258)
frame 22 : (125,73), (117,94), (124,170), (136,240), (133,258), (182,268), (194,258)
frame 23 : (125,73), (117,95), (125,170), (136,240), (133,258), (181,268), (194,258)
frame 24 : (125,73), (117,95), (125,170), (136,240), (133,258), (182,268), (194,258)
frame 25 : (126,73), (118,95), (125,170), (136,240), (133,258), (182,268), (194,258)
frame 26 : (126,73), (118,95), (125,170), (136,240), (133,258), (181,268), (194,258)
frame 27 : (126,73), (118,95), (125,170), (136,240), (133,258), (181,268), (194,258)
frame 28 : (127,73), (118,95), (125,170), (136,240), (133,258), (181,268), (194,258)
frame 29 : (127,73), (119,95), (125,170), (136,240), (133,258), (182,268), (194,258)
frame 30 : (127,73), (119,95), (125,171), (136,240), (133,258), (181,268), (194,258)
frame 31 : (127,73), (119,95), (125,171), (136,240), (133,258), (181,268), (194,258)
frame 32 : (127,73), (119,95), (125,171), (136,240), (133,258), (181,268), (194,258)
frame 33 : (128,73), (119,95), (126,171), (136,241), (133,258), (182,268), (194,259)
frame 34 : (128,73), (120,95), (126,171), (136,241), (133,258), (182,268), (194,259)
frame 35 : (128,73), (120,95), (126,171), (136,241), (133,258), (182,268), (194,259)
frame 36 : (129,73), (120,95), (126,171), (136,241), (132,258), (182,268), (194,259)
frame 37 : (129,73), (120,95), (126,171), (136,241), (132,258), (182,268), (194,259)
frame 38 : (129,73), (121,95), (126,171), (136,241), (133,258), (181,268), (194,259)
frame 39 : (130,73), (121,95), (126,171), (136,241), (132,258), (182,268), (194,259)
frame 40 : (130,73), (121,95), (127,171), (136,241), (132,258), (182,268), (194,259)
frame 41 : (130,73), (122,95), (127,171), (136,241), (132,258), (182,268), (194,259)
frame 42 : (131,73), (122,95), (127,171), (136,241), (132,258), (182,268), (194,259)
frame 43 : (131,74), (122,95), (127,171), (136,241), (132,258), (181,268), (194,259)
frame 44 : (132,74), (123,95), (127,171), (136,241), (132,258), (181,268), (194,259)
frame 45 : (132,74), (123,95), (127,171), (136,241), (132,258), (181,268), (194,259)
frame 46 : (133,74), (123,95), (128,171), (136,241), (132,258), (181,268), (194,259)
frame 47 : (133,74), (124,95), (128,171), (136,241), (132,258), (181,268), (194,258)
frame 48 : (133,74), (124,96), (128,171), (136,241), (132,258), (181,268), (194,258)
frame 49 : (134,74), (125,95), (128,171), (137,240), (132,258), (182,268), (194,258)
frame 50 : (134,74), (125,96), (129,172), (136,240), (132,258), (182,268), (194,259)
frame 51 : (135,74), (126,96), (129,171), (137,241), (133,258), (182,268), (194,259)
frame 52 : (135,74), (126,96), (129,172), (137,241), (133,258), (182,268), (194,259)
frame 53 : (136,74), (126,96), (129,171), (137,241), (132,258), (182,268), (194,258)
frame 54 : (136,74), (127,96), (130,171), (137,241), (132,258), (182,268), (194,258)
frame 55 : (137,74), (127,96), (130,172), (137,241), (132,258), (182,268), (194,258)
frame 56 : (137,74), (127,96), (130,172), (137,241), (132,258), (182,268), (194,258)
frame 57 : (137,74), (128,96), (130,172), (137,241), (132,258), (182,268), (194,258)
frame 58 : (138,74), (128,96), (130,172), (137,241), (132,258), (182,268), (194,258)
frame 59 : (138,74), (128,96), (131,172), (137,241), (132,258), (182,268), (194,258)
frame 60 : (139,74), (129,96), (131,172), (137,241), (132,258), (182,268), (194,258)
frame 61 : (139,74), (129,96), (131,172), (137,241), (132,258), (182,268), (194,258)
frame 62 : (139,75), (129,96), (131,172), (137,241), (132,258), (182,268), (194,258)
frame 63 : (139,75), (130,96), (131,172), (137,241), (132,258), (182,268), (194,258)
frame 64 : (140,75), (130,96), (131,172), (137,241), (132,258), (182,268), (194,258)
frame 65 : (140,75), (130,96), (132,172), (137,241), (132,258), (182,268), (194,258)
frame 66 : (141,75), (131,96), (132,172), (137,241), (132,258), (182,268), (194,258)
frame 67 : (141,75), (131,96), (132,172), (137,241), (132,258), (182,268), (194,258)
frame 68 : (141,75), (131,96), (132,172), (137,241), (132,258), (182,268), (194,258)
frame 69 : (142,75), (131,96), (132,172), (137,241), (133,258), (182,268), (194,258)
frame 70 : (142,75), (132,96), (132,172), (137,241), (132,258), (182,268), (194,258)
frame 71 : (143,75), (132,97), (133,172), (137,241), (132,258), (182,268), (194,258)
frame 72 : (143,75), (132,97), (133,172), (137,241), (132,258), (182,268), (194,258)
frame 73 : (143,75), (133,97), (133,172), (137,241), (132,258), (182,268), (194,258)
frame 74 : (144,75), (133,97), (133,172), (137,241), (132,258), (182,268), (194,258)
frame 75 : (144,75), (134,97), (133,172), (137,241), (132,258), (182,268), (194,258)
frame 76 : (144,75), (134,97), (133,172), (137,241), (132,258), (182,268), (194,258)
frame 77 : (145,75), (134,97), (134,172), (137,241), (132,258), (182,268), (194,258)
frame 78 : (145,75), (134,97), (134,172), (137,241), (132,258), (182,268), (194,258)
frame 79 : (145,76), (135,97), (134,172), (137,240), (132,258), (182,268), (194,258)
frame 80 : (145,76), (135,97), (134,172), (137,240), (132,258), (182,268), (194,258)
frame 81 : (146,76), (135,97), (134,172), (137,240), (132,258), (182,268), (194,258)
frame 82 : (146,76), (136,97), (135,172), (137,241), (132,258), (182,268), (194,258)
frame 83 : (147,76), (136,97), (135,172), (137,241), (132,258), (182,268), (194,258)
frame 84 : (147,76), (136,97), (135,172), (137,241), (132,258), (182,268), (194,258)
frame 85 : (147,76), (137,97), (135,172), (137,241), (132,258), (182,268), (194,258)
frame 86 : (148,76), (137,97), (135,172), (137,241), (132,258), (182,268), (194,258)
frame 87 : (148,76), (137,97), (135,172), (137,241), (132,258), (182,268), (194,258)
frame 88 : (148,76), (137,97), (135,172), (137,241), (132,258), (182,268), (194,258)
frame 89 : (149,76), (138,97), (136,172), (137,241), (132,258), (182,268), (194,258)
frame 90 : (149,76), (138,97), (136,172), (137,241), (132,258), (182,268), (194,258)
frame 91 : (149,76), (138,97), (136,172), (137,241), (132,258), (182,268), (194,258)
frame 92 : (150,77), (139,97), (136,173), (137,241), (132,258), (182,268), (194,258)
frame 93 : (150,77), (139,98), (136,173), (137,241), (132,258), (182,268), (194,258)
frame 94 : (150,77), (139,98), (136,173), (137,241), (132,258), (182,268), (194,258)
frame 95 : (151,77), (139,98), (136,173), (137,241), (132,258), (181,268), (194,259)
frame 96 : (151,77), (140,98), (136,173), (138,241), (132,258), (181,268), (194,259)
frame 97 : (152,77), (140,98), (137,173), (137,241), (132,258), (182,268), (194,259)
frame 98 : (152,77), (140,98), (137,173), (137,241), (132,258), (182,268), (194,259)
frame 99 : (152,77), (141,98), (137,173), (137,241), (132,258), (182,268), (194,259)
frame 100 : (152,77), (141,98), (137,173), (137,241), (132,258), (182,268), (194,259)
frame 101 : (153,77), (142,98), (137,173), (137,241), (132,258), (181,268), (194,259)
frame 102 : (153,77), (142,98), (137,173), (137,241), (132,258), (182,269), (194,259)
frame 103 : (153,77), (142,98), (137,173), (137,241), (132,258), (182,269), (194,259)
frame 104 : (154,77), (142,98), (138,173), (137,241), (132,258), (181,269), (194,259)
frame 105 : (154,78), (143,98), (138,173), (137,241), (132,258), (181,269), (194,259)
frame 106 : (154,78), (143,98), (138,173), (137,241), (132,258), (181,269), (194,259)
frame 107 : (155,78), (143,98), (138,173), (137,241), (132,258), (181,269), (194,259)
frame 108 : (155,78), (143,98), (138,173), (137,241), (132,258), (181,269), (194,259)
frame 109 : (155,78), (144,98), (138,173), (137,241), (132,258), (181,269), (194,259)
frame 110 : (156,78), (144,99), (139,173), (137,241), (132,258), (181,269), (194,260)
frame 111 : (156,78), (144,99), (139,173), (137,241), (132,258), (181,269), (194,260)
frame 112 : (157,78), (145,99), (139,173), (137,241), (132,258), (181,269), (194,260)
frame 113 : (157,78), (145,99), (139,173), (137,241), (132,258), (181,269), (194,260)
frame 114 : (157,78), (145,99), (139,173), (137,241), (132,258), (181,269), (194,260)
frame 115 : (157,78), (145,99), (139,173), (138,241), (132,258), (181,269), (194,260)
frame 116 : (158,78), (146,99), (140,174), (138,241), (132,258), (181,269), (194,260)
frame 117 : (158,78), (146,99), (140,174), (138,241), (132,258), (181,269), (194,260)
frame 118 : (159,78), (147,99), (140,174), (138,241), (132,258), (181,269), (194,260)
frame 119 : (159,79), (147,99), (140,174), (138,241), (132,258), (181,269), (194,260)
frame 120 : (159,79), (147,99), (140,174), (138,241), (132,258), (181,269), (194,260)
frame 121 : (160,79), (148,99), (140,174), (138,241), (133,258), (181,269), (194,260)
frame 122 : (160,79), (148,99), (140,174), (138,241), (133,258), (181,269), (194,260)
frame 123 : (161,79), (148,99), (140,174), (138,241), (133,258), (181,269), (195,260)
frame 124 : (161,79), (149,99), (141,174), (138,241), (133,258), (181,269), (195,260)
frame 125 : (161,79), (149,99), (141,174), (138,241), (133,258), (181,269), (195,260)
frame 126 : (162,79), (149,99), (142,173), (138,241), (133,258), (181,269), (195,260)
frame 127 : (162,79), (150,99), (142,174), (138,241), (133,258), (181,269), (195,260)
frame 128 : (163,79), (150,99), (142,173), (138,240), (133,258), (181,269), (195,260)
frame 129 : (163,79), (151,99), (142,173), (138,240), (133,258), (181,269), (194,260)
frame 130 : (163,79), (151,99), (142,173), (138,240), (133,258), (181,269), (195,260)
frame 131 : (164,79), (151,99), (142,173), (138,240), (133,258), (181,269), (195,260)
frame 132 : (164,79), (152,99), (142,173), (138,240), (133,258), (181,269), (195,260)
frame 133 : (165,79), (152,99), (143,173), (138,240), (133,258), (181,269), (194,260)
frame 134 : (165,79), (153,99), (143,173), (138,240), (133,258), (181,269), (195,260)
frame 135 : (166,79), (153,99), (143,173), (138,240), (133,258), (181,269), (195,260)
frame 136 : (166,79), (154,99), (143,173), (138,240), (133,257), (181,269), (195,260)
frame 137 : (167,79), (154,99), (144,173), (138,240), (133,257), (181,269), (195,260)
frame 138 : (167,79), (155,99), (144,173), (138,240), (133,257), (181,269), (195,260)
frame 139 : (168,79), (155,100), (144,173), (138,240), (133,257), (181,269), (195,260)
frame 140 : (169,79), (155,99), (144,173), (138,240), (133,257), (181,269), (195,260)
frame 141 : (169,80), (156,100), (145,173), (138,240), (133,257), (181,269), (195,260)
frame 142 : (169,80), (156,100), (145,173), (139,239), (133,257), (181,269), (195,260)
frame 143 : (170,80), (157,100), (145,173), (139,239), (133,257), (181,269), (195,260)
frame 144 : (170,80), (157,100), (145,173), (139,239), (133,257), (181,269), (195,260)
frame 145 : (171,80), (158,100), (146,173), (139,239), (133,257), (181,269), (195,260)
frame 146 : (171,80), (158,100), (146,173), (139,239), (133,257), (181,269), (195,260)
frame 147 : (172,80), (158,100), (146,173), (139,239), (134,257), (181,269), (195,260)
frame 148 : (172,80), (159,100), (146,173), (139,239), (134,256), (181,269), (195,260)
frame 149 : (173,80), (159,100), (146,173), (139,239), (134,256), (181,269), (195,261)
frame 150 : (173,80), (160,100), (147,173), (139,239), (134,256), (181,269), (195,261)
frame 151 : (174,80), (160,100), (147,173), (139,239), (134,256), (181,269), (195,261)
frame 152 : (175,80), (161,100), (147,173), (140,239), (134,256), (181,269), (195,261)
frame 153 : (175,80), (161,100), (148,172), (140,239), (134,256), (181,269), (195,261)
frame 154 : (176,80), (162,100), (148,173), (140,238), (134,256), (181,269), (195,261)
frame 155 : (177,80), (163,100), (148,172), (140,238), (134,255), (181,269), (195,261)
frame 156 : (177,80), (163,99), (149,172), (140,238), (134,255), (181,269), (195,261)
frame 157 : (178,80), (164,99), (149,172), (140,238), (134,255), (181,269), (195,261)
frame 158 : (178,80), (164,99), (149,172), (140,238), (134,255), (181,269), (195,261)
frame 159 : (179,80), (165,99), (149,172), (140,237), (134,254), (181,269), (195,261)
frame 160 : (180,80), (166,99), (150,172), (140,237), (134,254), (181,269), (195,261)
frame 161 : (181,80), (166,99), (150,171), (140,237), (134,254), (181,269), (195,261)
frame 162 : (182,80), (167,99), (151,171), (140,237), (135,254), (181,269), (195,261)
frame 163 : (182,80), (168,99), (151,171), (141,236), (135,253), (181,269), (195,261)
frame 164 : (183,80), (168,99), (151,171), (141,236), (134,253), (181,269), (195,261)
frame 165 : (184,80), (169,99), (152,170), (141,236), (135,253), (181,269), (195,261)
frame 166 : (185,80), (170,99), (152,170), (141,236), (135,252), (181,269), (195,261)
frame 167 : (185,79), (170,99), (152,170), (141,236), (135,252), (181,269), (195,261)
frame 168 : (186,79), (171,98), (153,170), (141,235), (135,252), (181,269), (195,260)
frame 169 : (187,79), (172,98), (153,169), (141,235), (135,251), (181,269), (195,260)
frame 170 : (188,79), (173,98), (154,169), (141,234), (135,251), (181,269), (195,260)
frame 171 : (189,79), (174,98), (154,169), (141,234), (135,250), (181,269), (195,260)
frame 172 : (190,79), (174,98), (155,169), (142,234), (135,250), (181,269), (195,260)
frame 173 : (191,79), (175,97), (155,168), (142,233), (135,250), (181,269), (195,260)
frame 174 : (192,79), (176,97), (156,168), (142,233), (135,249), (181,269), (195,260)
frame 175 : (193,79), (177,97), (156,168), (142,233), (135,249), (181,268), (195,260)
frame 176 : (194,79), (178,97), (157,167), (142,232), (135,248), (181,268), (195,260)
frame 177 : (195,78), (179,97), (157,167), (142,232), (135,248), (181,268), (195,260)
frame 178 : (196,78), (180,97), (158,167), (143,231), (135,247), (181,268), (195,260)
frame 179 : (197,78), (181,96), (159,166), (143,231), (136,247), (181,268), (195,260)
frame 180 : (198,78), (182,96), (159,166), (143,231), (135,246), (181,268), (195,260)
frame 181 : (200,78), (183,96), (160,165), (143,230), (136,246), (181,268), (196,261)
frame 182 : (201,78), (185,96), (161,165), (144,229), (136,245), (181,268), (196,261)
frame 183 : (202,78), (186,96), (162,165), (144,229), (136,244), (181,268), (196,261)
frame 184 : (204,77), (187,95), (162,164), (144,228), (136,244), (181,268), (196,261)
frame 185 : (205,77), (188,95), (163,163), (144,228), (136,243), (181,268), (196,261)
frame 186 : (207,77), (189,95), (164,163), (145,227), (137,242), (181,268), (196,261)
frame 187 : (208,77), (191,94), (165,163), (145,226), (137,242), (181,268), (196,261)
frame 188 : (209,77), (192,94), (165,162), (145,226), (137,241), (181,268), (197,261)
frame 189 : (211,76), (193,94), (166,161), (146,225), (137,240), (181,268), (197,261)
frame 190 : (213,76), (195,93), (167,161), (146,224), (138,239), (181,267), (197,262)
frame 191 : (214,76), (196,93), (168,160), (147,224), (138,238), (181,267), (197,262)
frame 192 : (215,76), (197,93), (169,160), (147,223), (138,238), (181,267), (197,262)
frame 193 : (217,75), (199,92), (170,159), (148,222), (139,237), (181,267), (198,262)
frame 194 : (218,75), (200,92), (171,159), (148,222), (139,236), (181,267), (198,263)
frame 195 : (220,75), (202,92), (172,158), (149,221), (140,235), (181,267), (198,263)
frame 196 : (222,75), (203,91), (173,157), (149,221), (140,234), (181,267), (198,263)
frame 197 : (223,75), (205,91), (174,157), (150,220), (141,234), (181,267), (198,263)
frame 198 : (225,75), (206,91), (175,156), (150,219), (141,233), (181,267), (199,263)
frame 199 : (226,74), (208,91), (176,156), (151,218), (142,232), (182,267), (199,263)
frame 200 : (228,74), (209,90), (177,155), (152,218), (142,231), (182,267), (199,263)
frame 201 : (230,74), (211,90), (178,155), (152,217), (143,230), (182,267), (199,264)
frame 202 : (232,74), (212,90), (179,154), (153,216), (143,229), (182,267), (199,264)
frame 203 : (234,74), (214,89), (180,153), (154,216), (144,228), (182,266), (199,264)
frame 204 : (235,73), (216,89), (181,152), (155,215), (145,228), (182,266), (199,264)
frame 205 : (237,73), (217,89), (183,152), (155,214), (146,227), (182,266), (199,263)
frame 206 : (239,73), (219,88), (184,151), (156,213), (146,226), (182,266), (199,264)
frame 207 : (241,73), (221,88), (186,150), (157,212), (147,225), (182,266), (199,264)
frame 208 : (243,73), (223,88), (187,150), (158,212), (148,224), (182,266), (200,264)
frame 209 : (245,73), (224,88), (188,149), (159,211), (149,223), (182,266), (200,263)
frame 210 : (247,73), (226,87), (190,149), (160,210), (150,222), (182,266), (200,264)
frame 211 : (249,73), (228,87), (191,148), (161,209), (151,221), (182,266), (200,263)
frame 212 : (251,73), (230,87), (193,147), (162,208), (152,220), (183,266), (200,263)
frame 213 : (252,73), (232,87), (194,147), (163,207), (153,219), (183,265), (200,263)
frame 214 : (255,72), (234,86), (196,146), (164,207), (153,217), (183,265), (200,263)
frame 215 : (257,72), (236,86), (197,145), (165,206), (154,216), (183,265), (200,263)
frame 216 : (259,72), (238,86), (199,145), (166,205), (155,215), (183,264), (200,263)
frame 217 : (261,72), (240,86), (201,144), (167,204), (156,214), (184,264), (200,263)
frame 218 : (264,72), (242,86), (203,143), (168,202), (157,212), (184,263), (200,262)
frame 219 : (266,72), (244,85), (204,142), (169,202), (159,211), (184,263), (200,262)
frame 220 : (269,72), (247,85), (206,142), (171,201), (160,210), (184,262), (200,261)
frame 221 : (271,72), (249,85), (208,141), (172,200), (161,208), (185,261), (200,261)
frame 222 : (274,72), (252,85), (210,140), (173,199), (162,207), (185,260), (200,261)
frame 223 : (276,72), (254,84), (212,140), (175,197), (164,206), (185,259), (200,261)
frame 224 : (279,71), (257,84), (214,139), (176,196), (165,205), (186,258), (201,260)
frame 225 : (281,71), (259,84), (216,138), (178,195), (167,203), (187,257), (201,260)
frame 226 : (284,71), (262,84), (219,138), (180,194), (168,202), (187,256), (201,259)
frame 227 : (287,71), (264,83), (221,137), (181,193), (170,201), (188,255), (202,259)
frame 228 : (290,71), (267,83), (223,136), (183,192), (172,199), (189,254), (203,258)
frame 229 : (292,71), (270,83), (226,136), (185,191), (174,198), (190,253), (203,258)
frame 230 : (295,70), (272,82), (228,135), (187,190), (176,197), (190,252), (204,257)
frame 231 : (298,70), (275,82), (230,135), (189,189), (177,196), (192,251), (205,256)
frame 232 : (300,70), (278,82), (233,134), (191,188), (179,195), (192,250), (206,256)
frame 233 : (303,70), (281,82), (235,134), (193,187), (181,194), (194,249), (207,255)
frame 234 : (306,70), (283,81), (237,133), (195,186), (183,193), (195,248), (208,254)
frame 235 : (308,69), (286,81), (240,132), (197,185), (185,192), (196,247), (209,254)
frame 236 : (311,69), (289,81), (242,132), (199,184), (188,191), (198,246), (210,253)
frame 237 : (314,69), (291,81), (244,132), (201,183), (189,190), (199,245), (212,253)
frame 238 : (317,69), (294,80), (247,131), (203,183), (192,189), (201,244), (213,252)
frame 239 : (319,69), (297,80), (249,131), (205,182), (194,188), (203,244), (215,251)
frame 240 : (322,68), (299,80), (252,130), (207,181), (196,188), (205,243), (217,251)
frame 241 : (324,68), (302,80), (254,130), (210,181), (198,187), (207,243), (219,250)
frame 242 : (327,68), (305,79), (257,130), (212,181), (200,187), (209,242), (221,250)
frame 243 : (329,68), (307,79), (259,129), (214,180), (203,186), (211,242), (223,250)
frame 244 : (332,67), (310,79), (261,129), (217,180), (205,186), (214,241), (225,250)
frame 245 : (334,67), (312,78), (264,129), (219,180), (207,186), (216,241), (228,249)
frame 246 : (337,67), (315,78), (266,129), (222,180), (210,186), (219,241), (231,249)
frame 247 : (339,66), (317,78), (269,128), (224,180), (212,186), (222,241), (234,249)
frame 248 : (342,66), (320,78), (271,128), (227,180), (215,186), (224,240), (237,249)
frame 249 : (344,66), (322,78), (274,128), (229,180), (217,187), (227,240), (240,249)
frame 250 : (347,66), (325,78), (276,128), (232,180), (220,187), (231,241), (243,249)
frame 251 : (349,66), (327,78), (279,128), (234,181), (222,188), (234,241), (246,249)
frame 252 : (352,65), (330,77), (281,129), (237,181), (225,188), (237,241), (249,250)
frame 253 : (354,65), (332,77), (284,129), (240,182), (228,189), (240,242), (253,250)
frame 254 : (356,65), (334,77), (286,129), (242,182), (230,190), (244,242), (256,250)
frame 255 : (359,65), (337,77), (289,130), (245,183), (233,191), (247,243), (260,250)
frame 256 : (361,65), (339,77), (291,130), (248,184), (236,192), (251,244), (263,251)
frame 257 : (363,64), (342,77), (294,130), (250,185), (238,193), (255,245), (267,251)
frame 258 : (366,64), (344,77), (297,131), (253,186), (241,194), (258,246), (271,252)
frame 259 : (368,64), (347,77), (299,131), (256,187), (244,195), (262,247), (275,253)
frame 260 : (371,64), (349,77), (302,132), (259,188), (247,197), (266,247), (279,253)
frame 261 : (373,64), (351,77), (304,132), (262,189), (250,198), (270,248), (283,254)
frame 262 : (375,64), (354,77), (307,133), (265,190), (253,199), (274,249), (287,254)
frame 263 : (378,63), (356,77), (310,134), (268,191), (256,201), (279,250), (291,255)
frame 264 : (380,63), (358,78), (313,135), (271,193), (259,203), (283,251), (295,256)
frame 265 : (382,63), (361,78), (315,135), (274,194), (262,204), (287,252), (300,257)
frame 266 : (384,63), (363,78), (318,136), (277,196), (265,206), (292,253), (304,257)
frame 267 : (386,63), (365,78), (320,137), (281,197), (269,208), (296,255), (308,258)
frame 268 : (389,63), (368,79), (323,138), (284,198), (272,209), (300,256), (313,259)
frame 269 : (391,63), (370,79), (326,139), (287,200), (275,211), (305,257), (317,260)
frame 270 : (393,63), (372,79), (329,140), (291,202), (279,213), (309,258), (321,261)
frame 271 : (395,63), (374,79), (332,141), (294,203), (283,215), (314,259), (326,261)
frame 272 : (397,63), (377,80), (335,142), (298,205), (286,217), (318,260), (330,262)
frame 273 : (399,64), (379,80), (338,143), (301,207), (290,219), (323,262), (335,263)
frame 274 : (401,64), (381,81), (341,144), (305,208), (293,221), (328,263), (340,264)
frame 275 : (403,64), (383,81), (344,146), (308,210), (297,223), (333,264), (344,265)
frame 276 : (405,64), (385,81), (346,147), (312,212), (301,225), (338,265), (349,266)
frame 277 : (407,64), (387,82), (349,148), (316,213), (305,227), (343,266), (354,267)
frame 278 : (409,64), (390,82), (352,149), (320,215), (309,229), (348,267), (359,268)
frame 279 : (411,64), (391,83), (355,150), (324,217), (313,231), (353,268), (364,269)
frame 280 : (413,64), (394,83), (358,152), (328,219), (317,233), (358,269), (369,269)
frame 281 : (414,65), (396,83), (361,153), (332,221), (321,235), (363,271), (374,270)
frame 282 : (416,65), (398,84), (365,154), (336,222), (325,237), (368,272), (379,271)
frame 283 : (418,65), (400,84), (367,155), (339,224), (330,239), (373,273), (384,272)
frame 284 : (420,65), (402,85), (371,156), (344,226), (334,241), (379,274), (389,272)
frame 285 : (421,65), (404,85), (374,157), (348,227), (338,243), (384,275), (394,273)
frame 286 : (423,66), (406,86), (377,159), (352,229), (343,246), (389,275), (400,274)
frame 287 : (425,66), (408,86), (380,160), (356,231), (347,247), (395,276), (405,274)
frame 288 : (426,66), (410,87), (383,161), (361,233), (352,249), (401,277), (410,275)
frame 289 : (428,66), (411,87), (386,162), (365,234), (356,251), (406,278), (415,275)
frame 290 : (429,66), (413,87), (390,163), (369,236), (361,253), (412,279), (421,276)
frame 291 : (431,67), (415,88), (393,164), (374,237), (366,254), (417,279), (426,276)
frame 292 : (432,67), (417,88), (396,165), (378,239), (370,256), (423,280), (431,277)
frame 293 : (434,67), (419,89), (399,166), (383,240), (375,258), (429,281), (437,277)
frame 294 : (435,67), (420,89), (402,167), (387,241), (380,259), (434,281), (442,278)
frame 295 : (436,68), (422,90), (405,168), (392,243), (385,261), (440,282), (447,278)
frame 296 : (437,68), (424,90), (408,168), (396,244), (390,262), (445,282), (452,278)
frame 297 : (439,68), (425,91), (412,169), (401,245), (395,263), (450,282), (458,278)
frame 298 : (440,68), (427,91), (415,170), (405,246), (399,265), (456,283), (463,279)
frame 299 : (441,69), (429,92), (418,171), (410,247), (404,266), (461,283), (468,279)
frame 300 : (442,69), (430,92), (421,172), (415,248), (409,267), (467,283), (473,279)
frame 301 : (443,69), (432,93), (424,172), (419,249), (414,268), (473,284), (479,279)
frame 302 : (444,69), (433,93), (427,173), (424,250), (419,269), (478,284), (484,279)
frame 303 : (445,70), (435,93), (431,174), (428,250), (424,270), (483,284), (489,279)
frame 304 : (446,70), (436,94), (434,174), (433,251), (429,271), (489,284), (494,279)
frame 305 : (447,70), (438,94), (437,175), (438,252), (433,272), (494,284), (500,279)
frame 306 : (448,71), (439,95), (440,175), (442,252), (438,272), (499,284), (504,278)
frame 307 : (449,71), (441,95), (443,176), (447,253), (443,273), (504,283), (510,278)
frame 308 : (450,71), (442,95), (446,176), (451,253), (447,273), (509,283), (515,277)
frame 309 : (451,71), (444,96), (449,177), (455,253), (452,273), (514,283), (520,277)
frame 310 : (452,72), (445,96), (452,177), (460,254), (457,274), (519,282), (525,277)
frame 311 : (453,72), (447,96), (455,177), (464,254), (461,274), (524,282), (530,276)
frame 312 : (454,72), (448,97), (458,177), (468,254), (466,274), (529,281), (534,275)
frame 313 : (455,73), (449,97), (460,178), (473,255), (470,275), (533,281), (539,275)
frame 314 : (456,73), (450,97), (463,178), (477,255), (475,275), (538,280), (544,274)
frame 315 : (457,73), (452,97), (466,178), (481,255), (479,275), (543,279), (548,274)
frame 316 : (458,74), (453,98), (468,178), (485,255), (483,275), (547,279), (552,273)
frame 317 : (459,74), (455,98), (471,178), (489,255), (487,275), (551,278), (556,272)
frame 318 : (460,74), (456,98), (473,178), (492,254), (491,275), (555,277), (560,271)
frame 319 : (461,74), (457,99), (476,178), (496,254), (495,275), (559,277), (564,271)
frame 320 : (462,75), (458,99), (478,178), (499,254), (498,275), (563,276), (568,270)
frame 321 : (464,75), (460,99), (480,178), (502,254), (502,275), (566,276), (571,270)
frame 322 : (465,75), (461,99), (483,178), (505,254), (505,275), (569,275), (574,269)
frame 323 : (466,75), (463,99), (485,178), (508,254), (508,275), (572,275), (577,269)
frame 324 : (468,76), (465,100), (487,178), (510,254), (510,275), (575,275), (579,269)
frame 325 : (470,76), (467,100), (488,178), (512,254), (512,275), (577,275), (581,269)
frame 326 : (472,76), (468,100), (490,179), (514,254), (514,275), (579,275), (583,269)
frame 327 : (474,76), (470,100), (492,179), (516,255), (516,276), (580,275), (585,269)
frame 328 : (476,76), (472,100), (494,179), (517,255), (517,276), (582,276), (586,270)
frame 329 : (478,76), (474,100), (495,179), (518,255), (518,276), (583,276), (588,271)
frame 330 : (479,76), (476,100), (497,179), (519,255), (519,276), (584,277), (589,271)
frame 331 : (481,76), (478,100), (498,180), (520,256), (520,276), (585,278), (590,272)
frame 332 : (483,76), (479,100), (500,180), (521,256), (520,277), (586,279), (591,273)
frame 333 : (485,76), (481,101), (501,180), (522,257), (521,277), (586,280), (591,274)
frame 334 : (486,77), (482,101), (502,181), (523,257), (521,277), (586,281), (592,275)
frame 335 : (488,77), (484,101), (503,181), (523,257), (522,277), (587,281), (592,276)
frame 336 : (489,77), (485,101), (504,181), (524,257), (522,278), (587,282), (593,277)
frame 337 : (491,77), (486,102), (505,181), (524,258), (522,278), (588,283), (593,278)
frame 338 : (493,78), (488,102), (506,182), (524,258), (522,278), (588,284), (593,279)
frame 339 : (494,78), (489,102), (506,182), (525,258), (522,278), (588,285), (593,280)
frame 340 : (495,78), (490,103), (507,183), (525,259), (522,279), (588,286), (594,281)
frame 341 : (496,78), (491,103), (508,183), (525,259), (522,279), (588,287), (594,282)
frame 342 : (498,79), (492,103), (508,183), (525,260), (522,279), (588,287), (594,283)
frame 343 : (499,79), (493,104), (509,184), (525,260), (522,280), (588,288), (594,283)
frame 344 : (500,80), (494,104), (509,184), (525,261), (522,280), (588,289), (594,284)
frame 345 : (501,80), (495,104), (510,185), (525,261), (522,280), (588,290), (593,285)
frame 346 : (502,80), (496,105), (510,185), (525,261), (522,281), (588,290), (593,286)
frame 347 : (503,81), (497,105), (511,185), (525,262), (522,281), (589,291), (595,287)
frame 348 : (504,81), (498,105), (511,186), (526,262), (522,281), (590,291), (595,288)
frame 349 : (505,81), (499,106), (512,186), (526,262), (522,281), (591,291), (595,288)
frame 350 : (506,82), (500,106), (512,187), (526,262), (522,281), (591,292), (596,289)
frame 351 : (507,82), (501,106), (513,187), (527,262), (523,281), (591,292), (596,289)
frame 352 : (508,82), (502,106), (514,187), (528,262), (523,281), (590,292), (597,290)
frame 353 : (509,82), (503,107), (515,187), (529,262), (524,281), (591,293), (598,290)
frame 354 : (510,82), (503,106), (516,187), (529,262), (524,281), (591,293), (598,291)
frame 355 : (511,82), (505,106), (517,187), (530,262), (524,281), (591,293), (598,291)
frame 356 : (512,82), (506,106), (518,187), (530,262), (524,281), (592,293), (598,291)
frame 357 : (513,82), (507,106), (519,187), (530,262), (524,281), (592,293), (599,291)
frame 358 : (514,81), (508,106), (520,187), (530,262), (524,281), (591,293), (598,291)
frame 359 : (515,81), (509,106), (520,187), (530,262), (524,281), (591,293), (598,291)
frame 360 : (517,81), (510,106), (521,187), (530,262), (524,281), (591,293), (598,291)
frame 361 : (518,81), (511,105), (522,187), (530,262), (524,281), (591,293), (598,291)
frame 362 : (519,81), (512,105), (522,187), (530,262), (524,281), (591,293), (598,291)
frame 363 : (520,80), (513,105), (522,187), (530,262), (524,281), (591,293), (598,291)
frame 364 : (521,80), (514,105), (523,186), (530,262), (524,281), (591,293), (598,291)
frame 365 : (521,80), (514,105), (523,186), (530,262), (524,281), (591,293), (598,291)
frame 366 : (522,80), (515,105), (523,186), (530,262), (524,281), (591,293), (598,291)
frame 367 : (523,80), (515,104), (523,186), (530,262), (524,281), (591,293), (598,291)
frame 368 : (524,79), (516,104), (523,186), (530,262), (524,281), (591,293), (598,291)
frame 369 : (525,79), (516,104), (523,186), (530,262), (524,281), (591,293), (598,291)
frame 370 : (525,79), (517,104), (523,186), (530,262), (524,281), (591,293), (598,291)
frame 371 : (526,79), (517,104), (523,186), (530,262), (524,281), (591,293), (598,291)
frame 372 : (527,79), (518,104), (523,186), (529,262), (524,281), (591,293), (598,291)
frame 373 : (527,79), (518,104), (524,186), (529,262), (524,281), (591,293), (598,291)
frame 374 : (528,79), (519,104), (524,186), (529,262), (523,281), (591,293), (598,291)
frame 375 : (529,79), (519,104), (524,186), (529,262), (523,281), (591,293), (598,291)
frame 376 : (529,79), (520,104), (525,186), (529,262), (523,281), (591,293), (598,291)
frame 377 : (530,79), (521,104), (525,186), (529,262), (523,281), (591,293), (598,291)
frame 378 : (530,79), (521,104), (526,186), (529,262), (523,282), (591,293), (598,291)
frame 379 : (531,79), (522,103), (526,186), (529,263), (523,282), (591,293), (598,291)
frame 380 : (532,78), (523,103), (526,186), (529,263), (523,282), (591,293), (598,291)
frame 381 : (533,79), (523,103), (526,186), (529,262), (523,282), (591,293), (598,291)
frame 382 : (533,79), (524,103), (527,186), (529,263), (523,282), (591,293), (598,291)
frame 383 : (534,79), (525,103), (527,186), (529,263), (523,282), (591,293), (598,291)
frame 384 : (535,79), (525,103), (528,186), (529,263), (523,282), (591,293), (598,291)
frame 385 : (536,79), (526,103), (528,186), (529,262), (523,282), (591,293), (598,291)
frame 386 : (536,79), (526,104), (528,186), (530,263), (523,282), (591,293), (598,291)
frame 387 : (537,79), (527,104), (528,187), (530,263), (523,282), (591,293), (598,291)
frame 388 : (538,79), (528,104), (529,187), (530,263), (523,282), (591,293), (598,291)
frame 389 : (539,79), (528,104), (529,187), (530,263), (523,282), (591,293), (598,291)
frame 390 : (539,79), (529,104), (529,187), (530,263), (523,282), (591,293), (598,291)
frame 391 : (540,79), (530,104), (530,187), (530,263), (523,282), (591,293), (598,291)
frame 392 : (541,79), (530,104), (530,187), (530,263), (523,282), (591,293), (598,291)
frame 393 : (541,79), (531,104), (531,187), (530,263), (523,282), (591,293), (598,291)
frame 394 : (542,79), (532,104), (531,187), (530,263), (523,282), (591,293), (598,291)
frame 395 : (543,79), (533,104), (531,187), (530,263), (523,282), (591,293), (598,291)
frame 396 : (544,79), (533,104), (532,187), (530,263), (523,282), (591,293), (598,291)
frame 397 : (545,79), (534,104), (532,187), (530,263), (523,282), (591,293), (598,291)
frame 398 : (546,79), (535,104), (533,187), (530,263), (523,282), (591,293), (598,291)
frame 399 : (547,79), (536,104), (533,187), (530,263), (523,282), (591,293), (598,291)
frame 400 : (547,79), (536,104), (534,187), (530,263), (523,282), (591,293), (598,291)
frame 401 : (548,79), (537,104), (534,188), (530,263), (523,282), (591,293), (598,291)
frame 402 : (549,79), (538,104), (535,188), (530,263), (523,282), (591,293), (598,291)
frame 403 : (550,79), (538,104), (535,188), (530,263), (523,282), (591,293), (598,291)
frame 404 : (551,79), (539,104), (535,188), (530,263), (523,282), (591,293), (598,291)
frame 405 : (552,79), (540,104), (536,188), (530,263), (523,282), (591,293), (598,291)
frame 406 : (552,79), (540,104), (536,188), (530,263), (523,282), (591,293), (598,291)
frame 407 : (553,79), (541,104), (536,188), (530,263), (523,282), (591,293), (598,291)
frame 408 : (554,79), (542,104), (536,188), (530,263), (523,282), (591,293), (598,291)
frame 409 : (555,80), (543,104), (537,188), (530,263), (523,282), (591,293), (598,291)
frame 410 : (556,79), (543,105), (537,188), (530,263), (523,282), (591,293), (598,291)
frame 411 : (556,80), (544,105), (538,188), (530,263), (523,282), (591,293), (598,291)
frame 412 : (557,80), (545,104), (538,188), (530,263), (523,282), (591,293), (598,291)
frame 413 : (558,80), (545,105), (538,188), (530,263), (523,282), (591,293), (598,291)
frame 414 : (558,80), (546,105), (538,188), (530,263), (523,282), (591,293), (598,291)
frame 415 : (559,80), (546,105), (539,188), (530,263), (523,282), (592,293), (598,291)
frame 416 : (560,80), (547,105), (539,188), (530,263), (523,282), (591,293), (598,291)
frame 417 : (560,80), (547,105), (539,188), (530,263), (523,282), (591,293), (598,291)
frame 418 : (561,80), (548,105), (540,188), (530,263), (523,282), (591,293), (598,291)
frame 419 : (561,80), (548,105), (540,188), (531,263), (523,282), (591,293), (598,291)
frame 420 : (562,80), (549,105), (540,188), (531,263), (523,282), (591,293), (598,291)
frame 421 : (562,80), (549,105), (540,188), (531,263), (523,282), (591,293), (598,291)
frame 422 : (563,80), (550,105), (541,188), (531,263), (523,282), (591,293), (598,291)
frame 423 : (563,80), (550,105), (541,188), (531,263), (523,282), (591,293), (598,291)
frame 424 : (563,80), (550,105), (541,188), (531,263), (523,282), (591,293), (598,291)
frame 425 : (564,80), (551,105), (541,188), (531,263), (523,282), (591,293), (598,291)
frame 426 : (564,80), (551,105), (541,188), (531,263), (523,282), (591,293), (598,291)
frame 427 : (565,80), (551,105), (541,188), (531,263), (523,282), (591,293), (598,291)
frame 428 : (565,80), (552,105), (541,188), (531,263), (523,282), (591,293), (598,291)
frame 429 : (565,80), (552,105), (541,188), (531,263), (523,282), (591,293), (598,291)
frame 430 : (565,80), (552,105), (542,188), (531,263), (523,282), (591,293), (598,291)
frame 431 : (566,80), (552,105), (542,188), (531,263), (523,282), (591,293), (598,292)
frame 432 : (566,80), (553,105), (542,188), (531,263), (523,282), (591,293), (598,292)
frame 433 : (566,80), (553,105), (542,188), (531,263), (523,282), (591,293), (598,292)
frame 434 : (567,80), (553,105), (542,188), (531,263), (523,282), (591,293), (598,292)
frame 435 : (567,80), (553,105), (542,188), (531,263), (523,282), (591,293), (598,292)
frame 436 : (567,80), (554,105), (542,188), (531,263), (523,282), (591,293), (598,292)
frame 437 : (568,80), (554,105), (542,188), (531,263), (523,282), (591,293), (598,292)
frame 438 : (568,80), (554,105), (542,188), (531,263), (523,282), (591,293), (598,292)
frame 439 : (568,80), (554,105), (542,188), (530,263), (523,282), (591,293), (598,292)
frame 440 : (569,80), (555,105), (543,188), (530,263), (523,282), (591,293), (598,292)
frame 441 : (569,80), (555,105), (543,188), (530,263), (523,282), (591,293), (598,292)
frame 442 : (569,80), (555,105), (543,188), (530,263), (523,282), (591,293), (598,292)
frame 443 : (570,81), (555,105), (543,188), (530,263), (523,282), (591,293), (598,292)
frame 444 : (570,81), (556,105), (543,188), (531,263), (523,282), (591,293), (598,292)
frame 445 : (570,81), (556,105), (543,188), (531,264), (523,282), (591,293), (598,292)
frame 446 : (571,81), (557,105), (543,188), (530,263), (523,282), (591,293), (598,292)
frame 447 : (571,81), (557,105), (544,188), (530,263), (523,282), (591,293), (598,292)
frame 448 : (571,81), (557,105), (544,188), (530,263), (523,282), (591,293), (598,292)
frame 449 : (572,81), (557,105), (544,188), (530,263), (523,282), (591,293), (598,292)
frame 450 : (572,81), (558,105), (544,188), (530,263), (523,282), (591,293), (598,292)
frame 451 : (572,81), (558,105), (544,188), (531,263), (523,282), (591,293), (598,292)
frame 452 : (573,81), (558,105), (544,188), (530,263), (523,282), (591,293), (598,292)
frame 453 : (573,81), (559,105), (544,188), (530,263), (523,282), (591,293), (598,292)
frame 454 : (573,81), (559,105), (545,188), (530,263), (523,282), (591,293), (598,292)
frame 455 : (574,81), (559,105), (545,188), (530,263), (523,282), (591,293), (598,292)
frame 456 : (574,81), (560,105), (545,188), (530,263), (523,282), (591,293), (598,292)
frame 457 : (575,81), (560,105), (545,188), (530,263), (523,282), (591,293), (598,292)
frame 458 : (575,81), (560,105), (545,188), (530,263), (523,282), (591,293), (598,292)
frame 459 : (575,81), (560,105), (545,188), (530,263), (523,282), (591,293), (598,292)
frame 460 : (575,81), (561,105), (545,188), (530,263), (523,282), (591,293), (598,292)
frame 461 : (576,81), (561,105), (545,188), (530,263), (523,282), (591,293), (598,292)
frame 462 : (576,81), (561,105), (545,188), (530,263), (522,282), (591,293), (598,292)
frame 463 : (576,81), (562,105), (545,188), (530,263), (522,282), (591,293), (598,292)
frame 464 : (577,81), (562,105), (546,188), (530,263), (522,282), (591,293), (598,292)
frame 465 : (577,82), (562,105), (546,188), (530,263), (523,282), (591,293), (598,292)
frame 466 : (578,82), (563,105), (546,188), (530,263), (523,282), (591,294), (598,292)
frame 467 : (578,81), (563,106), (546,188), (530,263), (523,282), (591,294), (598,292)
frame 468 : (579,82), (563,106), (546,188), (530,263), (523,282), (591,294), (598,292)
frame 469 : (579,82), (564,106), (546,188), (530,263), (523,282), (591,294), (598,292)
frame 470 : (580,82), (564,106), (546,188), (530,263), (523,282), (591,294), (598,292)
frame 471 : (580,82), (565,106), (547,188), (530,263), (523,282), (591,294), (598,292)
frame 472 : (581,82), (565,106), (547,188), (530,263), (523,282), (591,294), (598,292)
frame 473 : (581,82), (565,106), (547,188), (530,263), (523,282), (591,294), (598,292)
frame 474 : (581,82), (566,106), (547,188), (530,263), (523,282), (591,294), (598,292)
frame 475 : (582,82), (566,106), (548,188), (530,263), (523,282), (591,294), (598,292)
frame 476 : (583,82), (567,106), (548,188), (530,263), (522,282), (591,294), (598,292)
frame 477 : (583,82), (567,106), (548,188), (530,263), (522,282), (591,294), (598,292)
frame 478 : (584,82), (568,106), (548,188), (530,263), (522,282), (591,294), (598,292)
frame 479 : (584,82), (568,106), (548,188), (530,263), (522,282), (591,294), (598,292)
frame 480 : (585,82), (569,106), (549,188), (530,263), (523,282), (591,294), (598,292)
